5.367000000000019
5.313000000000017
5.583000000000027
5.619000000000028
5.610000000000014
5.457000000000022
5.574000000000012
5.65500000000003
5.646000000000015
5.682000000000016
5.439000000000021
5.529000000000025
5.637000000000029
5.583000000000027
5.4480000000000075
5.610000000000014
5.511000000000024
5.5020000000000095
5.529000000000025
5.529000000000025
5.574000000000012
5.718000000000018
5.718000000000018
5.709000000000032
5.709000000000032
5.430000000000007
5.484000000000009
5.457000000000022
5.466000000000008
5.619000000000028
5.646000000000015
5.619000000000028
5.67300000000003
5.799000000000035
5.826000000000022
5.646000000000015
5.65500000000003
5.700000000000017
5.8440000000000225
5.637000000000029
5.682000000000016
5.691000000000031
5.709000000000032
5.8440000000000225
5.826000000000022
5.65500000000003
5.646000000000015
5.619000000000028
5.682000000000016
5.817000000000007
5.610000000000014
5.77200000000002
5.817000000000007
5.808000000000021
5.799000000000035
5.556000000000012
5.6010000000000275
5.493000000000023
5.529000000000025
5.691000000000031
5.700000000000017
5.691000000000031
5.430000000000007
5.5020000000000095
5.646000000000015
5.65500000000003
5.637000000000029
5.700000000000017
5.583000000000027
5.430000000000007
5.610000000000014
5.664000000000016
5.682000000000016
5.646000000000015
5.65500000000003
5.637000000000029
5.664000000000016
5.682000000000016
5.664000000000016
5.619000000000028
5.610000000000014
5.610000000000014
5.65500000000003
5.646000000000015
5.529000000000025
5.484000000000009
5.628000000000014
5.646000000000015
5.511000000000024
5.628000000000014
5.628000000000014
5.4480000000000075
5.619000000000028
5.457000000000022
5.637000000000029
5.556000000000012
5.628000000000014
5.538000000000011
5.484000000000009
5.646000000000015
5.628000000000014
5.565000000000026
5.610000000000014
5.565000000000026
5.646000000000015
5.592000000000013
5.5020000000000095
5.610000000000014
5.5470000000000255
5.610000000000014
5.592000000000013
5.592000000000013
5.574000000000012
5.565000000000026
5.529000000000025
5.538000000000011
5.439000000000021
5.556000000000012
5.565000000000026
5.574000000000012
5.583000000000027
5.394000000000034
5.439000000000021
5.421000000000021
5.430000000000007
5.331000000000017
5.367000000000019
5.3580000000000325
5.52000000000001
5.565000000000026
5.466000000000008
5.439000000000021
5.493000000000023
5.475000000000023
5.5470000000000255
5.475000000000023
5.430000000000007
5.5020000000000095
5.412000000000035
5.3580000000000325
5.421000000000021
5.430000000000007
5.556000000000012
5.466000000000008
5.412000000000035
5.439000000000021
5.52000000000001
5.5020000000000095
5.484000000000009
5.511000000000024
5.52000000000001
5.5470000000000255
5.529000000000025
5.484000000000009
5.493000000000023
5.457000000000022
5.349000000000018
5.2590000000000146
5.466000000000008
5.52000000000001
5.412000000000035
5.394000000000034
5.529000000000025
5.511000000000024
5.232000000000028
5.394000000000034
5.439000000000021
5.619000000000028
5.331000000000017
