36.75000000000003
37.065000000000026
70.26600000000002
100.22700000000002
99.20100000000001
98.64300000000001
98.49000000000001
98.54400000000001
98.52600000000001
98.48100000000001
98.47200000000001
98.48100000000001
98.49000000000001
98.47200000000001
98.49000000000001
98.45400000000001
98.49000000000001
98.49900000000001
98.51700000000001
98.54400000000001
98.53500000000001
98.55300000000001
98.51700000000001
98.52600000000001
98.49000000000001
98.54400000000001
98.54400000000001
98.58900000000001
98.61600000000001
98.62500000000001
98.59800000000001
98.64300000000001
98.63400000000001
98.62500000000001
98.63400000000001
98.62500000000001
98.62500000000001
98.62500000000001
98.65200000000002
98.63400000000001
98.17500000000001
98.54400000000001
97.90500000000002
97.94100000000002
98.00400000000002
97.96800000000002
98.40000000000002
98.40900000000002
97.93200000000002
98.02200000000002
97.99500000000002
98.02200000000002
97.93200000000002
98.02200000000002
97.91400000000002
98.04900000000002
98.04000000000002
98.06700000000001
98.07600000000001
98.09400000000001
98.09400000000001
98.10300000000001
98.10300000000001
98.07600000000001
98.058
98.12100000000001
98.09400000000001
98.09400000000001
4.935000000000031
4.980000000000018
4.818000000000012
